1000 1.1
2000 5.1
3000 11.4
4000 20.1
5000 29.9
6000 45.7
7000 57.6
8000 78.6
9000 99.4
10000 121.7
11000 146.2
12000 169
13000 145.5
14000 167.7
15000 200.3
16000 222
17000 246
18000 276.4
19000 307.5
20000 336.7
21000 383.5
22000 413.2
23000 457.4
24000 490.9
25000 534.3
26000 578.5
27000 622.8
28000 669.4
29000 715.2
30000 761.1
1000 1.3
2000 4.9
3000 11.5
4000 20.1
5000 31.3
6000 46.1
7000 59.3
8000 77.8
9000 97.7
10000 120.6
11000 150.1
12000 157.8
13000 148
14000 165.6
15000 191
16000 229.4
17000 246.1
18000 276.8
19000 308.8
20000 348.3
21000 375.1
22000 415
23000 452.8
24000 491.1
25000 530.2
26000 581.1
27000 613.5
28000 671.8
29000 709.2
30000 769.8
